    // Example 1 (yes)
    {-444.95856, 58.542336, 18.05262, 30.173512, 0.6866538, 15.617227, -12.520357, 3.9046752, -3.627293, 6.5801973, -8.113564, 13.387428, -12.955448, 5.8316474, -4.4946904, -2.3746157, -5.7689943, 2.4510553, -8.2580185, -0.13677117, -2.0417533, 2.2710068, -3.1866713, -1.6654011, -3.1574187, 0.053224698, -5.149588, 0.23926407, -4.5624046, -2.6701326, -1.4743314, -2.0951657, -1.0312055, -1.6219964, -4.158239, -0.04374194, -0.48332465, -1.1609437, 0.90399617, -0.28432813, -3.1150825, -1.4177009, -2.0603538, -1.39741, -1.2998035, 0.017326394, -2.6161382, -1.4018486, -1.5016721, 0.40286532},
    
    // Example 2 (yes)
    {-385.74268, 20.73491, -13.549039, 14.032573, -26.134468, -9.826301, -22.696672, -17.075327, -6.5294313, 3.812132, -13.393556, -3.7865477, 0.13760722, -6.592313, -11.868204, 0.3299724, -7.953868, -3.1455436, -5.3159776, 0.5183869, -6.78388, -7.9420924, 1.5330213, -2.7342808, -2.0344284, 1.6216152, -6.91165, 3.349067, -7.8806415, 2.4811876, -5.502304, -2.1342874, -2.5019197, 1.8276901, 1.0927411, 0.7949699, 1.8408152, 5.796665, 4.60053, 1.4702506, 3.961267, 0.5529433, 1.305158, 0.71201205, -0.09334111, 1.3094442, 0.27844608, 2.8053682, 2.0893497, 1.6603061},
    
    // Example 3 (off)
    {-466.54755, 71.19848, 9.157173, -0.18938065, -5.792581, -3.186954, -7.601721, -10.206321, -2.974451, 0.83728015, -5.308984, -2.9543402, -11.076041, -8.643108, -9.090586, -7.7736, -2.9261956, -5.184562, -1.0420167, -0.36623847, -5.2570124, -5.6099086, 1.0122267, -0.74929, -0.3525049, -1.1343989, -1.9945347, -2.3846726, -2.465746, -2.6286197, -3.5751576, 0.651047, 1.7097361, 3.2906182, 1.2641228, 0.37159067, -0.09086024, 0.16995955, -0.11144769, -0.6058644, 2.16926, 2.572755, 2.5498264, 0.14227563, -1.1149516, -0.83436555, -0.4273407, -1.053514, -1.4311228, -1.8964574},

    // Example 4 (yes)
    {-314.8527, 81.78435, 22.153793, 34.273994, -4.3826675, 12.919918, -11.92841, 2.4505188, -10.023171, 1.0775545, -10.258976, -1.2045219, -8.513754, -0.22134875, -5.695197, 2.8957863, -6.5955815, 2.1071568, -5.3264503, 3.083253, -7.587164, 2.3239472, -8.351195, -1.7179782, -1.6519976, -4.547012, 0.10031873, -1.0172638, -5.032237, -1.6926901, -3.9602137, -3.6437678, -3.2398617, -3.5734015, -2.5438862, 0.2732932, -2.0621612, -1.996695, -1.5699074, -1.2626266, -4.4928484, -0.75021267, -0.16073748, -1.3694234, -0.7531104, -1.8524882, 0.38658038, -1.5967689, 0.23213881, 0.036962986},

    // Example 5 (yes)
    {-444.95856, 58.542336, 18.05262, 30.173512, 0.6866538, 15.617227, -12.520357, 3.9046752, -3.627293, 6.5801973, -8.113564, 13.387428, -12.955448, 5.8316474, -4.4946904, -2.3746157, -5.7689943, 2.4510553, -8.2580185, -0.13677117, -2.0417533, 2.2710068, -3.1866713, -1.6654011, -3.1574187, 0.053224698, -5.149588, 0.23926407, -4.5624046, -2.6701326, -1.4743314, -2.0951657, -1.0312055, -1.6219964, -4.158239, -0.04374194, -0.48332465, -1.1609437, 0.90399617, -0.28432813, -3.1150825, -1.4177009, -2.0603538, -1.39741, -1.2998035, 0.017326394, -2.6161382, -1.4018486, -1.5016721, 0.40286532},

    // Example 6 (off)
    {-320.73636, 42.30906, -16.705185, 3.668307, -30.063528, 11.91509, 4.4145093, 6.613487, -2.8611286, 12.469237, -15.789076, 9.979977, -10.191151, -9.386322, -14.069842, -1.0666896, -2.5983799, 9.470717, 1.5882517, 7.5644627, -10.742031, 1.3215563, -1.0368748, -5.7671084, -1.200954, 1.2698178, -0.58064747, 5.4648266, -3.3104088, 1.6357555, -4.3375835, 3.7078922, -1.8778964, -9.161846, -10.374067, -5.358259, -2.6766858, 11.074394, 8.349869, 11.099447, -0.8840768, -4.8779564, -2.9173672, 0.9109839, 1.0847082, 2.4954526, -3.6428423, -2.288106, 0.72647977, -0.3103729},

    // Example 7 (off)
    {-276.44672, 27.287952, 17.350012, -24.107609, -28.010656, -5.658725, -12.281621, 2.6791766, -14.634821, 17.403423, -13.888542, 6.9434443, -22.469303, 5.2768726, -22.938564, 1.3363216, -15.200914, 5.2536373, -15.355322, 1.8698355, -11.384671, -4.442378, -10.516043, -5.865503, -7.2679725, -6.893438, -6.32026, -5.6454945, -4.429682, -9.605396, -4.6933823, 1.3152282, -4.5532627, -4.403377, -6.578208, -2.829918, -7.2395573, 0.12533295, -6.0204554, 0.74732596, -7.32251, -3.3551424, -6.3114796, -2.8586204, -8.4337015, -3.748661, -5.8247004, -2.2178183, -3.481598, -3.7517397},

    // Example 8 (yes)
    {-135.59122, 22.963463, 24.153675, 5.208224, -6.305308, -2.8171244, -15.729733, 16.147999, -6.689596, -0.85669553, -4.0790806, 6.101455, -7.269551, 7.3118534, -11.674195, 11.486406, -4.2560754, -2.4754062, -3.4048905, -1.2732401, -3.8129907, 0.3670306, -2.6757576, 2.1968586, -3.4571776, 5.727176, -9.347765, 5.5610332, -2.5537124, 3.0077343, 1.4080806, 4.612116, -0.8734007, 6.422406, -2.5028117, 1.330607, -2.9683318, 1.8625722, -2.350047, -0.03652831, 0.63646334, -0.9823085, -3.897488, -1.267685, -0.31587183, -1.1999364, -1.3324189, 0.96466553, -1.4846101, 2.4283779},

    // Example 9 (off)
    {-379.25778, 123.817444, 1.2051855, 4.761576, -7.437068, -0.4780375, 22.347572, -1.2244279, 0.7807363, 6.1739397, -1.4349575, 5.12956, -15.172351, -3.840204, -7.142009, -7.7141333, -5.1946173, -8.008859, -14.462183, 4.0352635, -1.5702546, -3.2052736, 2.6310298, -5.8019466, -8.321887, -1.2918531, -4.8774643, -4.008462, -1.0658029, -2.556151, -5.852851, -3.3298733, 0.4298422, 0.59446347, 0.1600164, 2.9549546, 0.0062400103, -0.31483018, 2.0533824, 0.903942, -1.6373167, -0.56353235, 1.4554332, -0.8121166, 0.9536039, -0.47618002, -0.6260526, -0.576378, -1.3094465, -0.56020975},

    // Example 10 (yes)
    {-174.95155, 76.65733, -4.974305, 30.32703, -1.4177998, 15.802367, -2.703311, 26.327408, 0.37882075, 18.330496, -2.3223925, 17.871553, -1.1724751, 11.285364, 0.5615456, 9.635176, -1.4410106, 5.064239, -1.0940727, 7.2822113, -3.3819427, 6.7125854, -2.1002512, 4.059761, 2.7643473, 2.1528125, 5.956527, 2.6716726, -0.41002634, 4.979711, -0.9404368, 5.6859264, -0.48352715, 3.1701956, 1.5361342, 1.7492156, 0.95565975, 0.8563678, -0.7828532, 1.0197871, 0.23473938, 0.5741887, -0.6075249, 0.40597126, -0.821353, 1.0453542, -0.5623805, 0.80085146, -0.07375973, 1.0841328}
};
